1
0
0.001448
0.001653
0.001579
0.001547
0.0016
1
0.016618
0.016653
0.016827
0.017102
0.017022
2
0.663416
0.684826
0.670165
0.663021
0.664076
3
18.2889
16.9339
17.9413
17.2633
17.0270
2
0
0.000313
0.000315
0.000295
0.000367
0.00033
1
0.009199
0.010277
0.009284
0.009503
0.009264
2
0.39758
0.402811
0.403576
0.397796
0.407874
3
9.99252
10.2252
10.1449
10.1993
10.1007
4
0
0.000782
0.000638
0.000707
0.000538
0.000754
1
0.009488
0.009
0.008597
0.008555
0.007515
2
0.303272
0.297526
0.298972
0.298737
0.300485
3
7.11018
7.42959
7.51093
7.54889
7.26348
8
0
0.000691
0.000524
0.000659
0.000660
0.000675
1
0.005953
0.006523
0.006128
0.005473
0.005521
2
0.153114
0.143949
0.145877
0.146621
0.144357
3
3.2386
3.23862
3.22496
3.21165
3.20535
